         nH         pok         xH2        xHII          xe      chi_pe      chi_lw      chi_h2      chi_ci       xi_cr     nLambda       Gamma 
1.00000e-02 1.03178e+02 1.47024e-11 8.92401e-02 8.92590e-02 9.90313e-01 9.80719e-01 9.80660e-01 9.80719e-01 2.00000e-17 9.01661e-28 9.10854e-28 
1.12202e-02 1.15441e+02 1.64436e-11 8.73530e-02 8.73718e-02 9.89974e-01 9.80048e-01 9.79989e-01 9.80048e-01 2.00000e-17 9.36259e-28 9.10394e-28 
1.25893e-02 1.28380e+02 1.86963e-11 8.26152e-02 8.26338e-02 9.89623e-01 9.79354e-01 9.79295e-01 9.79354e-01 2.00000e-17 9.30095e-28 9.17703e-28 
1.41254e-02 1.42782e+02 2.12484e-11 7.82150e-02 7.82335e-02 9.89261e-01 9.78637e-01 9.78577e-01 9.78637e-01 2.00000e-17 9.29333e-28 9.24792e-28 
1.58489e-02 1.58809e+02 2.41422e-11 7.41249e-02 7.41432e-02 9.88885e-01 9.77894e-01 9.77834e-01 9.77894e-01 2.00000e-17 9.22013e-28 9.31848e-28 
1.77828e-02 1.76604e+02 2.74525e-11 7.00151e-02 7.00333e-02 9.88497e-01 9.77126e-01 9.77066e-01 9.77126e-01 2.00000e-17 9.41829e-28 9.39876e-28 
1.99526e-02 1.96438e+02 3.12058e-11 6.61372e-02 6.61553e-02 9.88095e-01 9.76332e-01 9.76272e-01 9.76332e-01 2.00000e-17 9.59515e-28 9.48332e-28 
2.23872e-02 2.18542e+02 3.54622e-11 6.24753e-02 6.24933e-02 9.87679e-01 9.75511e-01 9.75450e-01 9.75511e-01 2.00000e-17 9.75486e-28 9.57345e-28 
2.51189e-02 2.43175e+02 4.02905e-11 5.89981e-02 5.90160e-02 9.87249e-01 9.74661e-01 9.74600e-01 9.74661e-01 2.00000e-17 9.89940e-28 9.67010e-28 
2.81838e-02 2.69923e+02 4.60136e-11 5.49237e-02 5.49414e-02 9.86804e-01 9.73782e-01 9.73720e-01 9.73782e-01 2.00000e-17 9.87165e-28 9.81491e-28 
3.16228e-02 3.00627e+02 5.21921e-11 5.19372e-02 5.19549e-02 9.86344e-01 9.72874e-01 9.72811e-01 9.72874e-01 2.00000e-17 9.93546e-28 9.91924e-28 
3.54813e-02 3.34846e+02 5.91912e-11 4.91485e-02 4.91661e-02 9.85867e-01 9.71934e-01 9.71871e-01 9.71934e-01 2.00000e-17 1.00043e-27 1.00261e-27 
3.98107e-02 3.72974e+02 6.71256e-11 4.65276e-02 4.65451e-02 9.85374e-01 9.70962e-01 9.70898e-01 9.70962e-01 2.00000e-17 1.00819e-27 1.01370e-27 
4.46684e-02 4.15446e+02 7.61253e-11 4.40669e-02 4.40844e-02 9.84864e-01 9.69957e-01 9.69892e-01 9.69957e-01 2.00000e-17 1.01712e-27 1.02537e-27 
5.01187e-02 4.63538e+02 8.59866e-11 4.23868e-02 4.24042e-02 9.84336e-01 9.68918e-01 9.68851e-01 9.68918e-01 2.00000e-17 1.01256e-27 1.02949e-27 
5.62341e-02 5.16039e+02 9.76633e-11 3.99393e-02 3.99566e-02 9.83790e-01 9.67843e-01 9.67775e-01 9.67843e-01 2.00000e-17 1.03285e-27 1.04482e-27 
6.30957e-02 5.74502e+02 1.10923e-10 3.76229e-02 3.76401e-02 9.83225e-01 9.66732e-01 9.66663e-01 9.66732e-01 2.00000e-17 1.05313e-27 1.06112e-27 
7.07946e-02 6.39585e+02 1.25986e-10 3.54352e-02 3.54523e-02 9.82641e-01 9.65583e-01 9.65512e-01 9.65583e-01 2.00000e-17 1.07352e-27 1.07846e-27 
7.94328e-02 7.12011e+02 1.43106e-10 3.33743e-02 3.33913e-02 9.82037e-01 9.64396e-01 9.64322e-01 9.64396e-01 2.00000e-17 1.09419e-27 1.09689e-27 
8.91251e-02 7.92571e+02 1.62576e-10 3.14351e-02 3.14521e-02 9.81411e-01 9.63168e-01 9.63091e-01 9.63168e-01 2.00000e-17 1.11531e-27 1.11648e-27 
1.00000e-01 8.82122e+02 1.84739e-10 2.96091e-02 2.96261e-02 9.80764e-01 9.61898e-01 9.61818e-01 9.61898e-01 2.00000e-17 1.13709e-27 1.13730e-27 
1.12202e-01 9.81589e+02 2.09994e-10 2.78883e-02 2.79052e-02 9.80095e-01 9.60586e-01 9.60502e-01 9.60586e-01 2.00000e-17 1.15971e-27 1.15942e-27 
1.25893e-01 1.09196e+03 2.38813e-10 2.62649e-02 2.62817e-02 9.79403e-01 9.59230e-01 9.59141e-01 9.59230e-01 2.00000e-17 1.18337e-27 1.18290e-27 
1.41254e-01 1.21432e+03 2.71665e-10 2.48394e-02 2.48562e-02 9.78687e-01 9.57828e-01 9.57734e-01 9.57827e-01 2.00000e-17 1.19731e-27 1.20481e-27 
1.58489e-01 1.34960e+03 3.09405e-10 2.33811e-02 2.33978e-02 9.77946e-01 9.56378e-01 9.56278e-01 9.56378e-01 2.00000e-17 1.22474e-27 1.23119e-27 
1.77828e-01 1.49889e+03 3.52775e-10 2.19946e-02 2.20113e-02 9.77180e-01 9.54881e-01 9.54772e-01 9.54880e-01 2.00000e-17 1.25385e-27 1.25936e-27 
1.99526e-01 1.66314e+03 4.02801e-10 2.06760e-02 2.06927e-02 9.76387e-01 9.53333e-01 9.53215e-01 9.53332e-01 2.00000e-17 1.28467e-27 1.28936e-27 
2.23872e-01 1.84304e+03 4.60801e-10 1.94214e-02 1.94380e-02 9.75568e-01 9.51733e-01 9.51605e-01 9.51732e-01 2.00000e-17 1.31720e-27 1.32124e-27 
2.51189e-01 2.03879e+03 5.28548e-10 1.82255e-02 1.82421e-02 9.74720e-01 9.50080e-01 9.49938e-01 9.50079e-01 2.00000e-17 1.35148e-27 1.35500e-27 
2.81838e-01 2.24953e+03 6.08560e-10 1.70820e-02 1.70985e-02 9.73844e-01 9.48371e-01 9.48214e-01 9.48371e-01 2.00000e-17 1.38755e-27 1.39068e-27 
3.16228e-01 2.47230e+03 7.04737e-10 1.59819e-02 1.59984e-02 9.72937e-01 9.46606e-01 9.46429e-01 9.46606e-01 2.00000e-17 1.42543e-27 1.42824e-27 
3.54813e-01 2.69963e+03 8.23833e-10 1.49115e-02 1.49279e-02 9.71999e-01 9.44783e-01 9.44581e-01 9.44782e-01 2.00000e-17 1.46519e-27 1.46768e-27 
3.98107e-01 2.91401e+03 9.79308e-10 1.38469e-02 1.38633e-02 9.71030e-01 9.42899e-01 9.42663e-01 9.42898e-01 2.00000e-17 1.50688e-27 1.50886e-27 
4.46684e-01 3.07883e+03 1.20057e-09 1.27494e-02 1.27658e-02 9.70027e-01 9.40953e-01 9.40669e-01 9.40952e-01 2.00000e-17 1.55044e-27 1.55147e-27 
5.01187e-01 3.15399e+03 1.53834e-09 1.15988e-02 1.16152e-02 9.68990e-01 9.38942e-01 9.38586e-01 9.38942e-01 2.00000e-17 1.59381e-27 1.59617e-27 
5.62341e-01 3.15981e+03 2.03369e-09 1.04626e-02 1.04790e-02 9.67918e-01 9.36866e-01 9.36399e-01 9.36865e-01 2.00000e-17 1.64046e-27 1.64250e-27 
6.30957e-01 3.13167e+03 2.72719e-09 9.39988e-03 9.41618e-03 9.66810e-01 9.34721e-01 9.34097e-01 9.34720e-01 2.00000e-17 1.69037e-27 1.69148e-27 
7.07946e-01 3.07875e+03 3.69374e-09 8.42171e-03 8.43798e-03 9.65664e-01 9.32506e-01 9.31656e-01 9.32505e-01 2.00000e-17 1.74091e-27 1.74514e-27 
7.94328e-01 3.00750e+03 5.03770e-09 7.52674e-03 7.54298e-03 9.64479e-01 9.30219e-01 9.29045e-01 9.30218e-01 2.00000e-17 1.79877e-27 1.80038e-27 
8.91251e-01 2.91920e+03 6.91374e-09 6.71323e-03 6.72945e-03 9.63253e-01 9.27857e-01 9.26217e-01 9.27856e-01 2.00000e-17 1.85941e-27 1.85968e-27 
1.00000e+00 2.81911e+03 9.52284e-09 5.97784e-03 5.99403e-03 9.61987e-01 9.25419e-01 9.23111e-01 9.25418e-01 2.00000e-17 1.92296e-27 1.92367e-27 
1.12202e+00 2.71227e+03 1.31276e-08 5.31708e-03 5.33325e-03 9.60678e-01 9.22902e-01 9.19644e-01 9.22900e-01 2.00000e-17 1.99056e-27 1.99172e-27 
1.25893e+00 2.60364e+03 1.80575e-08 4.72662e-03 4.74277e-03 9.59324e-01 9.20303e-01 9.15705e-01 9.20301e-01 2.00000e-17 2.06242e-27 2.06380e-27 
1.41254e+00 2.49773e+03 2.47082e-08 4.20156e-03 4.21769e-03 9.57925e-01 9.17621e-01 9.11161e-01 9.17619e-01 2.00000e-17 2.13861e-27 2.13982e-27 
1.58489e+00 2.39829e+03 3.35338e-08 3.73658e-03 3.75270e-03 9.56479e-01 9.14853e-01 9.05846e-01 9.14851e-01 2.00000e-17 2.21901e-27 2.21966e-27 
1.77828e+00 2.30773e+03 4.50410e-08 3.32616e-03 3.34226e-03 9.54985e-01 9.11996e-01 8.99570e-01 9.11994e-01 2.00000e-17 2.30335e-27 2.30296e-27 
1.99526e+00 2.22858e+03 5.97474e-08 2.96362e-03 2.97971e-03 9.53440e-01 9.09049e-01 8.92126e-01 9.09045e-01 2.00000e-17 2.39036e-27 2.39138e-27 
2.23872e+00 2.15890e+03 7.82923e-08 2.64468e-03 2.66076e-03 9.51844e-01 9.06008e-01 8.83265e-01 9.06004e-01 2.00000e-17 2.48165e-27 2.48096e-27 
2.51189e+00 2.10104e+03 1.01221e-07 2.36254e-03 2.37862e-03 9.50195e-01 9.02870e-01 8.72753e-01 9.02866e-01 2.00000e-17 2.57512e-27 2.57517e-27 
2.81838e+00 2.05380e+03 1.29202e-07 2.11351e-03 2.12958e-03 9.48490e-01 8.99634e-01 8.60324e-01 8.99629e-01 2.00000e-17 2.67177e-27 2.67129e-27 
3.16228e+00 2.01765e+03 1.62907e-07 1.89332e-03 1.90938e-03 9.46729e-01 8.96297e-01 8.45716e-01 8.96291e-01 2.00000e-17 2.77002e-27 2.77008e-27 
3.54813e+00 1.99217e+03 2.03152e-07 1.69838e-03 1.71443e-03 9.44910e-01 8.92855e-01 8.28642e-01 8.92848e-01 2.00000e-17 2.87043e-27 2.87041e-27 
3.98107e+00 1.97704e+03 2.50963e-07 1.52535e-03 1.54139e-03 9.43030e-01 8.89306e-01 8.08785e-01 8.89298e-01 2.00000e-17 2.97224e-27 2.97230e-27 
4.46684e+00 1.97167e+03 3.07740e-07 1.37144e-03 1.38748e-03 9.41088e-01 8.85647e-01 7.85769e-01 8.85638e-01 2.00000e-17 3.07514e-27 3.07524e-27 
5.01187e+00 1.97557e+03 3.75436e-07 1.23423e-03 1.25027e-03 9.39082e-01 8.81875e-01 7.59136e-01 8.81865e-01 2.00000e-17 3.17877e-27 3.17883e-27 
5.62341e+00 1.98835e+03 4.56890e-07 1.11163e-03 1.12766e-03 9.37010e-01 8.77988e-01 7.28310e-01 8.77977e-01 2.00000e-17 3.28275e-27 3.28271e-27 
6.30957e+00 2.00967e+03 5.56385e-07 1.00182e-03 1.01785e-03 9.34870e-01 8.73983e-01 6.92541e-01 8.73969e-01 2.00000e-17 3.38670e-27 3.38656e-27 
7.07946e+00 2.03928e+03 6.80712e-07 9.03272e-04 9.19298e-04 9.32660e-01 8.69855e-01 6.50801e-01 8.69840e-01 2.00000e-17 3.49022e-27 3.49005e-27 
7.94328e+00 2.07702e+03 8.41420e-07 8.14660e-04 8.30682e-04 9.30378e-01 8.65604e-01 6.01612e-01 8.65587e-01 2.00000e-17 3.59298e-27 3.59289e-27 
8.91251e+00 2.12279e+03 1.06030e-06 7.34847e-04 7.50867e-04 9.28022e-01 8.61225e-01 5.42634e-01 8.61205e-01 2.00000e-17 3.69466e-27 3.69476e-27 
1.00000e+01 2.17655e+03 1.38789e-06 6.62893e-04 6.78910e-04 9.25589e-01 8.56715e-01 4.69256e-01 8.56693e-01 2.00000e-17 3.79496e-27 3.79523e-27 
1.12202e+01 2.23845e+03 1.97878e-06 5.97875e-04 6.13890e-04 9.23077e-01 8.52071e-01 3.70706e-01 8.52047e-01 2.00000e-17 3.89393e-27 3.89420e-27 
1.25893e+01 2.30795e+03 4.12976e-06 5.39090e-04 5.55102e-04 9.20484e-01 8.47291e-01 1.92508e-01 8.47263e-01 2.00000e-17 3.99038e-27 3.99017e-27 
1.41254e+01 2.37801e+03 8.09575e-04 4.84944e-04 5.00965e-04 9.17808e-01 8.42371e-01 1.10741e-03 8.42177e-01 2.00000e-17 4.08363e-27 4.08338e-27 
1.58489e+01 2.46510e+03 1.10147e-03 4.36695e-04 4.52717e-04 9.15046e-01 8.37309e-01 9.18867e-04 8.37045e-01 2.00000e-17 4.17640e-27 4.17651e-27 
1.77828e+01 2.56134e+03 1.49556e-03 3.92994e-04 4.09018e-04 9.12195e-01 8.32100e-01 7.64072e-04 8.31742e-01 2.00000e-17 4.26699e-27 4.26717e-27 
1.99526e+01 2.65754e+03 1.96527e-03 3.49746e-04 3.65771e-04 9.09254e-01 8.26743e-01 6.46388e-04 8.26268e-01 1.96572e-17 4.33072e-27 4.33088e-27 
2.23872e+01 2.75493e+03 2.50666e-03 3.07785e-04 3.23811e-04 9.06219e-01 8.21234e-01 5.55188e-04 8.20619e-01 1.89898e-17 4.36782e-27 4.36787e-27 
2.51189e+01 2.86330e+03 3.35758e-03 2.70538e-04 2.86568e-04 9.03089e-01 8.15569e-01 4.64396e-04 8.14737e-01 1.83451e-17 4.40416e-27 4.40390e-27 
2.81838e+01 2.98380e+03 4.37904e-03 2.37486e-04 2.53520e-04 8.99860e-01 8.09747e-01 3.93477e-04 8.08644e-01 1.77223e-17 4.43737e-27 4.43675e-27 
3.16228e+01 3.11680e+03 5.74273e-03 2.08102e-04 2.24141e-04 8.96529e-01 8.03764e-01 3.31946e-04 8.02292e-01 1.71207e-17 4.46794e-27 4.46779e-27 
3.54813e+01 3.26266e+03 7.53764e-03 1.82032e-04 1.98078e-04 8.93094e-01 7.97618e-01 2.79420e-04 7.95649e-01 1.65394e-17 4.49609e-27 4.49588e-27 
3.98107e+01 3.42244e+03 9.84423e-03 1.58884e-04 1.74938e-04 8.89553e-01 7.91304e-01 2.35365e-04 7.88682e-01 1.59779e-17 4.52167e-27 4.52111e-27 
4.46684e+01 3.59660e+03 1.29076e-02 1.38300e-04 1.54364e-04 8.85902e-01 7.84822e-01 1.97366e-04 7.81313e-01 1.54355e-17 4.54397e-27 4.54392e-27 
5.01187e+01 3.78586e+03 1.69013e-02 1.20021e-04 1.36099e-04 8.82138e-01 7.78168e-01 1.65172e-04 7.73477e-01 1.49115e-17 4.56340e-27 4.56332e-27 
5.62341e+01 3.99065e+03 2.21455e-02 1.03770e-04 1.19863e-04 8.78259e-01 7.71339e-01 1.37742e-04 7.65064e-01 1.44053e-17 4.57922e-27 4.57915e-27 
6.30957e+01 4.21110e+03 2.90170e-02 8.93111e-05 1.05423e-04 8.74262e-01 7.64333e-01 1.14449e-04 7.55939e-01 1.39162e-17 4.59081e-27 4.59072e-27 
7.07946e+01 4.44702e+03 3.79680e-02 7.64358e-05 9.25705e-05 8.70143e-01 7.57149e-01 9.47724e-05 7.45939e-01 1.34438e-17 4.59733e-27 4.59723e-27 
7.94328e+01 4.69758e+03 4.95219e-02 6.49621e-05 8.11240e-05 8.65900e-01 7.49782e-01 7.82536e-05 7.34872e-01 1.29874e-17 4.59772e-27 4.59762e-27 
8.91251e+01 4.96141e+03 6.42085e-02 5.47372e-05 7.09308e-05 8.61529e-01 7.42233e-01 6.45039e-05 7.22535e-01 1.25465e-17 4.59087e-27 4.59078e-27 
1.00000e+02 5.23699e+03 8.24417e-02 4.56415e-05 6.18706e-05 8.57029e-01 7.34498e-01 5.31866e-05 7.08761e-01 1.21205e-17 4.57622e-27 4.57590e-27 
1.12202e+02 5.52247e+03 1.04457e-01 3.75831e-05 5.38506e-05 8.52395e-01 7.26576e-01 4.39619e-05 6.93440e-01 1.17090e-17 4.55315e-27 4.55304e-27 
1.25893e+02 5.81790e+03 1.29991e-01 3.05070e-05 4.68136e-05 8.47624e-01 7.18466e-01 3.65477e-05 6.76629e-01 1.13115e-17 4.52353e-27 4.52337e-27 
1.41254e+02 6.12703e+03 1.58265e-01 2.43802e-05 4.07237e-05 8.42714e-01 7.10167e-01 3.06615e-05 6.58565e-01 1.09275e-17 4.49069e-27 4.49045e-27 
1.58489e+02 6.44731e+03 1.88657e-01 1.91408e-05 3.55171e-05 8.37661e-01 7.01676e-01 2.59679e-05 6.39452e-01 1.05565e-17 4.45732e-27 4.45723e-27 
1.77828e+02 6.79289e+03 2.19554e-01 1.47686e-05 3.11705e-05 8.32463e-01 6.92994e-01 2.22727e-05 6.19816e-01 1.01981e-17 4.43165e-27 4.43149e-27 
1.99526e+02 7.16897e+03 2.50032e-01 1.11890e-05 2.76082e-05 8.27116e-01 6.84120e-01 1.93359e-05 5.99974e-01 9.85192e-18 4.41869e-27 4.41860e-27 
2.23872e+02 7.60066e+03 2.78363e-01 8.34505e-06 2.47714e-05 8.21617e-01 6.75054e-01 1.70242e-05 5.80491e-01 9.51746e-18 4.43050e-27 4.43051e-27 
2.51189e+02 8.05555e+03 3.06287e-01 6.08547e-06 2.25129e-05 8.15963e-01 6.65796e-01 1.50819e-05 5.60859e-01 9.19435e-18 4.45340e-27 4.45337e-27 
2.81838e+02 8.58140e+03 3.31155e-01 4.37375e-06 2.07927e-05 8.10152e-01 6.56347e-01 1.35183e-05 5.41919e-01 8.88221e-18 4.50675e-27 4.50668e-27 
3.16228e+02 9.17544e+03 3.53529e-01 3.09727e-06 1.95002e-05 8.04180e-01 6.46706e-01 1.22183e-05 5.23519e-01 8.58067e-18 4.58480e-27 4.58471e-27 
3.54813e+02 9.84230e+03 3.73433e-01 2.16596e-06 1.85461e-05 7.98045e-01 6.36876e-01 1.11216e-05 5.05670e-01 8.28936e-18 4.68464e-27 4.68462e-27 
3.98107e+02 1.05869e+04 3.90969e-01 1.49990e-06 1.78510e-05 7.91743e-01 6.26857e-01 1.01839e-05 4.88358e-01 8.00794e-18 4.80229e-27 4.80217e-27 
4.46684e+02 1.14136e+04 4.06302e-01 1.03139e-06 1.73476e-05 7.85273e-01 6.16653e-01 9.37167e-06 4.71548e-01 7.73608e-18 4.93232e-27 4.93230e-27 
5.01187e+02 1.23268e+04 4.19634e-01 7.06032e-07 1.69817e-05 7.78630e-01 6.06265e-01 8.65961e-06 4.55192e-01 7.47345e-18 5.06989e-27 5.06986e-27 
5.62341e+02 1.33316e+04 4.31175e-01 4.82150e-07 1.67114e-05 7.71813e-01 5.95696e-01 8.02830e-06 4.39239e-01 7.21973e-18 5.21017e-27 5.21015e-27 
6.30957e+02 1.44345e+04 4.41135e-01 3.29015e-07 1.65058e-05 7.64820e-01 5.84950e-01 7.46285e-06 4.23636e-01 6.97463e-18 5.34917e-27 5.34916e-27 
7.07946e+02 1.56438e+04 4.49711e-01 2.24634e-07 1.63420e-05 7.57648e-01 5.74030e-01 6.95177e-06 4.08331e-01 6.73784e-18 5.48363e-27 5.48364e-27 
7.94328e+02 1.69668e+04 4.57082e-01 1.53580e-07 1.62037e-05 7.50294e-01 5.62941e-01 6.48612e-06 3.93277e-01 6.50910e-18 5.61097e-27 5.61097e-27 
8.91251e+02 1.84167e+04 4.63408e-01 1.05218e-07 1.60788e-05 7.42757e-01 5.51688e-01 6.05890e-06 3.78430e-01 6.28812e-18 5.72919e-27 5.72918e-27 
1.00000e+03 2.00056e+04 4.68833e-01 7.22655e-08 1.59583e-05 7.35035e-01 5.40277e-01 5.66457e-06 3.63749e-01 6.07465e-18 5.83677e-27 5.83675e-27 
1.12202e+03 2.17484e+04 4.73480e-01 4.97708e-08 1.58351e-05 7.27126e-01 5.28713e-01 5.29875e-06 3.49195e-01 5.86842e-18 5.93252e-27 5.93252e-27 
1.25893e+03 2.36621e+04 4.77457e-01 3.43787e-08 1.57030e-05 7.19029e-01 5.17003e-01 4.95790e-06 3.34734e-01 5.66919e-18 6.01571e-27 6.01569e-27 
1.41254e+03 2.57659e+04 4.80858e-01 2.38180e-08 1.55566e-05 7.10743e-01 5.05155e-01 4.63920e-06 3.20332e-01 5.47673e-18 6.08568e-27 6.08568e-27 
1.58489e+03 2.80836e+04 4.83765e-01 1.65507e-08 1.53906e-05 7.02265e-01 4.93177e-01 4.34030e-06 3.05956e-01 5.29080e-18 6.14214e-27 6.14213e-27 
1.77828e+03 3.06354e+04 4.86246e-01 1.15342e-08 1.51993e-05 6.93597e-01 4.81076e-01 4.05933e-06 2.91576e-01 5.11118e-18 6.18483e-27 6.18482e-27 
1.99526e+03 3.34546e+04 4.88362e-01 8.06071e-09 1.49769e-05 6.84736e-01 4.68863e-01 3.79470e-06 2.77162e-01 4.93766e-18 6.21375e-27 6.21373e-27 
2.23872e+03 3.65723e+04 4.90166e-01 5.64813e-09 1.47171e-05 6.75683e-01 4.56548e-01 3.54511e-06 2.62689e-01 4.77003e-18 6.22893e-27 6.22892e-27 
2.51189e+03 4.00254e+04 4.91701e-01 3.96738e-09 1.44131e-05 6.66438e-01 4.44140e-01 3.30945e-06 2.48134e-01 4.60809e-18 6.23056e-27 6.23056e-27 
2.81838e+03 4.38567e+04 4.93007e-01 2.79310e-09 1.40575e-05 6.57002e-01 4.31651e-01 3.08678e-06 2.33482e-01 4.45165e-18 6.21888e-27 6.21888e-27 
3.16228e+03 4.81150e+04 4.94116e-01 1.97043e-09 1.36428e-05 6.47374e-01 4.19093e-01 2.87630e-06 2.18731e-01 4.30052e-18 6.19421e-27 6.19421e-27 
3.54813e+03 5.28564e+04 4.95057e-01 1.39264e-09 1.31618e-05 6.37557e-01 4.06479e-01 2.67731e-06 2.03891e-01 4.15452e-18 6.15692e-27 6.15691e-27 
3.98107e+03 5.81457e+04 4.95854e-01 9.85889e-10 1.26083e-05 6.27551e-01 3.93821e-01 2.48920e-06 1.88998e-01 4.01348e-18 6.10742e-27 6.10742e-27 
4.46684e+03 6.40569e+04 4.96528e-01 6.98948e-10 1.19777e-05 6.17360e-01 3.81133e-01 2.31143e-06 1.74112e-01 3.87722e-18 6.04618e-27 6.04618e-27 
5.01187e+03 7.06748e+04 4.97098e-01 4.96142e-10 1.12691e-05 6.06984e-01 3.68430e-01 2.14351e-06 1.59330e-01 3.74560e-18 5.97369e-27 5.97369e-27 
5.62341e+03 7.80956e+04 4.97579e-01 3.52561e-10 1.04861e-05 5.96427e-01 3.55726e-01 1.98500e-06 1.44783e-01 3.61844e-18 5.89050e-27 5.89050e-27 
6.30957e+03 8.64264e+04 4.97983e-01 2.50759e-10 9.63833e-06 5.85693e-01 3.43037e-01 1.83549e-06 1.30633e-01 3.49559e-18 5.79719e-27 5.79719e-27 
7.07946e+03 9.57842e+04 4.98323e-01 1.78487e-10 8.74209e-06 5.74785e-01 3.30378e-01 1.69461e-06 1.17062e-01 3.37692e-18 5.69442e-27 5.69442e-27 
7.94328e+03 1.06292e+05 4.98609e-01 1.27122e-10 7.81970e-06 5.63708e-01 3.17767e-01 1.56201e-06 1.04248e-01 3.26228e-18 5.58291e-27 5.58291e-27 
8.91251e+03 1.18074e+05 4.98847e-01 9.05837e-11 6.89732e-06 5.52466e-01 3.05219e-01 1.43734e-06 9.23452e-02 3.15153e-18 5.46345e-27 5.46345e-27 
1.00000e+04 1.31240e+05 4.99046e-01 6.45742e-11 6.00166e-06 5.41065e-01 2.92752e-01 1.32029e-06 8.14633e-02 3.04454e-18 5.33691e-27 5.33691e-27 
1.12202e+04 1.45879e+05 4.99212e-01 4.60506e-11 5.15645e-06 5.29512e-01 2.80383e-01 1.21054e-06 7.16559e-02 2.94118e-18 5.20412e-27 5.20412e-27 
1.25893e+04 1.62026e+05 4.99350e-01 3.28549e-11 4.37988e-06 5.17812e-01 2.68129e-01 1.10781e-06 6.29247e-02 2.84133e-18 5.06603e-27 5.06602e-27 
1.41254e+04 1.79669e+05 4.99464e-01 2.34519e-11 3.68356e-06 5.05973e-01 2.56009e-01 1.01179e-06 5.52330e-02 2.74487e-18 4.92354e-27 4.92354e-27 
1.58489e+04 1.98682e+05 4.99558e-01 1.67507e-11 3.07267e-06 4.94003e-01 2.44039e-01 9.22205e-07 4.85226e-02 2.65168e-18 4.77761e-27 4.77761e-27 
1.77828e+04 2.19262e+05 4.99636e-01 1.19657e-11 2.54825e-06 4.81911e-01 2.32238e-01 8.38771e-07 4.27346e-02 2.56166e-18 4.62959e-27 4.62958e-27 
1.99526e+04 2.41444e+05 4.99700e-01 8.54561e-12 2.10694e-06 4.69705e-01 2.20623e-01 7.61213e-07 3.78200e-02 2.47469e-18 4.48085e-27 4.48085e-27 
2.23872e+04 2.66751e+05 4.99753e-01 6.08710e-12 1.74478e-06 4.57396e-01 2.09211e-01 6.89260e-07 3.37574e-02 2.39068e-18 4.33380e-27 4.33379e-27 
2.51189e+04 2.96255e+05 4.99798e-01 4.31809e-12 1.45478e-06 4.44994e-01 1.98020e-01 6.22645e-07 3.05544e-02 2.30952e-18 4.19075e-27 4.19075e-27 
2.81838e+04 3.32251e+05 4.99835e-01 3.04251e-12 1.23004e-06 4.32511e-01 1.87066e-01 5.61106e-07 2.82533e-02 2.23111e-18 4.05471e-27 4.05471e-27 
3.16228e+04 3.77427e+05 4.99867e-01 2.12441e-12 1.06253e-06 4.19957e-01 1.76364e-01 5.04385e-07 2.69114e-02 2.15537e-18 3.92843e-27 3.92842e-27 
3.54813e+04 4.37159e+05 4.99893e-01 1.46567e-12 9.43221e-07 4.07346e-01 1.65931e-01 4.52226e-07 2.65432e-02 2.08219e-18 3.81367e-27 3.81367e-27 
3.98107e+04 5.16008e+05 4.99915e-01 9.99927e-13 8.58846e-07 3.94691e-01 1.55781e-01 4.04381e-07 2.70079e-02 2.01150e-18 3.70872e-27 3.70872e-27 
4.46684e+04 6.15703e+05 4.99933e-01 6.77946e-13 7.92278e-07 3.82005e-01 1.45928e-01 3.60603e-07 2.79040e-02 1.94322e-18 3.60792e-27 3.60791e-27 
5.01187e+04 7.34234e+05 4.99947e-01 4.59883e-13 7.26915e-07 3.69302e-01 1.36384e-01 3.20652e-07 2.86263e-02 1.87725e-18 3.50421e-27 3.50421e-27 
5.62341e+04 8.67378e+05 4.99958e-01 3.13718e-13 6.53323e-07 3.56598e-01 1.27162e-01 2.84291e-07 2.86453e-02 1.81351e-18 3.39280e-27 3.39280e-27 
6.30957e+04 1.01211e+06 4.99966e-01 2.15595e-13 5.71655e-07 3.43907e-01 1.18272e-01 2.51291e-07 2.77675e-02 1.75195e-18 3.27266e-27 3.27266e-27 
7.07946e+04 1.16758e+06 4.99973e-01 1.49194e-13 4.87652e-07 3.31246e-01 1.09724e-01 2.21428e-07 2.61295e-02 1.69247e-18 3.14528e-27 3.14528e-27 
7.94328e+04 1.33406e+06 4.99978e-01 1.03850e-13 4.07465e-07 3.18631e-01 1.01526e-01 1.94485e-07 2.40115e-02 1.63501e-18 3.01297e-27 3.01297e-27 
8.91251e+04 1.51306e+06 4.99982e-01 7.26272e-14 3.35171e-07 3.06078e-01 9.36838e-02 1.70252e-07 2.16798e-02 1.57950e-18 2.87791e-27 2.87791e-27 
1.00000e+05 1.70607e+06 4.99986e-01 5.09917e-14 2.72507e-07 2.93605e-01 8.62038e-02 1.48527e-07 1.93240e-02 1.52588e-18 2.74178e-27 2.74178e-27 
1.12202e+05 1.91463e+06 4.99988e-01 3.59258e-14 2.19614e-07 2.81228e-01 7.90894e-02 1.29115e-07 1.70590e-02 1.47408e-18 2.60583e-27 2.60583e-27 
1.25893e+05 2.14025e+06 4.99991e-01 2.53940e-14 1.75764e-07 2.68966e-01 7.23429e-02 1.11829e-07 1.49451e-02 1.42404e-18 2.47096e-27 2.47095e-27 
1.41254e+05 2.38441e+06 4.99992e-01 1.80077e-14 1.39870e-07 2.56836e-01 6.59649e-02 9.64923e-08 1.30092e-02 1.37569e-18 2.33781e-27 2.33781e-27 
1.58489e+05 2.64856e+06 4.99994e-01 1.28122e-14 1.10762e-07 2.44856e-01 5.99544e-02 8.29344e-08 1.12588e-02 1.32899e-18 2.20693e-27 2.20692e-27 
1.77828e+05 2.93408e+06 4.99995e-01 9.14737e-15 8.73301e-08 2.33043e-01 5.43089e-02 7.09949e-08 9.69082e-03 1.28387e-18 2.07872e-27 2.07872e-27 
1.99526e+05 3.24230e+06 4.99996e-01 6.55480e-15 6.85830e-08 2.21414e-01 4.90243e-02 6.05220e-08 8.29668e-03 1.24028e-18 1.95354e-27 1.95354e-27 
2.23872e+05 3.57439e+06 4.99997e-01 4.71525e-15 5.36647e-08 2.09988e-01 4.40950e-02 5.13730e-08 7.06514e-03 1.19818e-18 1.83172e-27 1.83171e-27 
2.51189e+05 3.93131e+06 4.99997e-01 3.40583e-15 4.18511e-08 1.98781e-01 3.95139e-02 4.34142e-08 5.98377e-03 1.15750e-18 1.71351e-27 1.71351e-27 
2.81838e+05 4.31362e+06 4.99998e-01 2.47054e-15 3.25389e-08 1.87810e-01 3.52726e-02 3.65209e-08 5.03978e-03 1.11820e-18 1.59921e-27 1.59920e-27 
3.16228e+05 4.72129e+06 4.99998e-01 1.80001e-15 2.52301e-08 1.77091e-01 3.13611e-02 3.05774e-08 4.22051e-03 1.08024e-18 1.48904e-27 1.48903e-27 
3.54813e+05 5.15345e+06 4.99998e-01 1.31738e-15 1.95175e-08 1.66639e-01 2.77684e-02 2.54766e-08 3.51365e-03 1.04357e-18 1.38325e-27 1.38324e-27 
3.98107e+05 5.60807e+06 4.99999e-01 9.68519e-16 1.50703e-08 1.56469e-01 2.44824e-02 2.11201e-08 2.90746e-03 1.00814e-18 1.28204e-27 1.28203e-27 
4.46684e+05 6.08175e+06 4.99999e-01 7.15210e-16 1.16213e-08 1.46594e-01 2.14899e-02 1.74178e-08 2.39080e-03 9.73915e-19 1.18561e-27 1.18561e-27 
5.01187e+05 6.56966e+06 4.99999e-01 5.30399e-16 8.95628e-09 1.37029e-01 1.87770e-02 1.42877e-08 1.95326e-03 9.40851e-19 1.09416e-27 1.09416e-27 
5.62341e+05 7.06627e+06 4.99999e-01 3.94878e-16 6.90437e-09 1.27785e-01 1.63289e-02 1.16552e-08 1.58514e-03 9.08910e-19 1.00782e-27 1.00782e-27 
6.30957e+05 7.56754e+06 4.99999e-01 2.94959e-16 5.32986e-09 1.18872e-01 1.41305e-02 9.45357e-09 1.27753e-03 8.78054e-19 9.26713e-28 9.26712e-28 
7.07946e+05 8.09762e+06 4.99999e-01 2.20701e-16 4.12699e-09 1.10300e-01 1.21660e-02 7.62262e-09 1.02229e-03 8.48244e-19 8.50860e-28 8.50858e-28 
7.94328e+05 8.63296e+06 4.99999e-01 1.65417e-16 3.20806e-09 1.02077e-01 1.04198e-02 6.10890e-09 8.12017e-04 8.19447e-19 7.80265e-28 7.80263e-28 
8.91251e+05 9.18579e+06 5.00000e-01 1.24033e-16 2.50721e-09 9.42107e-02 8.87566e-03 4.86503e-09 6.40092e-04 7.91628e-19 7.14829e-28 7.14826e-28 
1.00000e+06 9.77396e+06 5.00000e-01 9.29253e-17 1.97277e-09 8.67058e-02 7.51789e-03 3.84929e-09 5.00603e-04 7.64753e-19 6.54367e-28 6.54361e-28 
